A 681 310 1160 750 20 0
A 1162 750 1680 310 129 1
A 801 310 1160 750 35 2
A 1684 310 1160 750 67 4
A 1688 310 1160 750 104 5
A 1168 750 1680 310 97 6
A 1687 310 1160 750 48 7
A 1125 750 1680 310 83 8
A 1680 310 1160 750 19 10
A 1669 310 1160 750 122 11
A 1154 750 1680 310 22 12
A 1680 310 1160 750 128 13
A 1160 750 1680 310 68 14
A 1680 310 1160 750 133 16
A 1160 750 1680 310 147 17
A 1680 310 1160 750 27 18
A 1160 750 1680 310 85 19
A 1160 750 1680 310 99 20
A 1160 750 1680 310 39 22
A 1680 310 1160 750 51 23
A 1160 750 1680 310 108 24
A 1160 750 1680 310 132 25
A 1680 310 1160 750 107 26
A 1160 750 1680 310 84 28
A 1160 750 1680 310 27 29
A 1680 310 1160 750 20 0
A 1160 750 1680 310 129 1
A 1680 310 1160 750 35 2
A 1680 310 1160 750 67 4
A 1680 310 1160 750 104 5
A 1160 750 1680 310 97 6
A 1680 310 1160 750 48 7
A 1160 750 1680 310 83 8
A 1680 310 1160 750 19 10
A 1680 310 1160 750 122 11
A 1160 750 1680 310 22 12
A 1680 310 1160 750 128 13
A 1160 750 1680 310 68 14
A 1680 310 1160 750 133 16
A 1160 750 1680 310 147 17
A 1680 310 1160 750 27 18
A 1160 750 1680 310 85 19
A 1160 750 1680 310 99 20
A 1160 750 1680 310 39 22
A 1680 310 1160 750 51 23
A 1160 750 1680 310 108 24
A 1160 750 1680 310 132 25
A 1680 310 1160 750 107 26
A 1160 750 1680 310 84 28
A 1160 750 1680 310 27 29
T 1680 310 300
T 540 910 200